000000000000000000000000000000000000000000000000000000000000000000000000000000000000000000000000000
000000000000000000000000000000000000000000000000000000000000000000000000000000000000000000000000000
000000000000000000054444444450000004500000000444400000544444444500000044441100444400000000000000000
000000000000000005444444444444500004450000000444400005444444444450000044441100444400000000000000000
000000000000000224444220000444422004444000033444422224444600006440003344441100444422000000000000000
000000000000000224444220000444422004444000033444422224444000000640003344441100444422000000000000000
000000000000000224444110000444422334444000022444411223344000000000002244444444444411000000000000000
000000000000000224444110000444422334444000022444411223344000000005002244444444444411000000000000000
000000000000000224444000000444411333344000011444411223334500000544221134440000444400000000000000000
000000000000000224444000000444411333344500011444311223333450054444221133440011444400000000000000000
000000000000000110644444444433211222244444444443300220033444444460111133442211444433000000000000000
000000000000000110064444446332211222234444444433300220033444444600111133442211444433000000000000000
000000000000000110002112210221100112233220022022200110011220022000110022001111221122000000000000000
000000000000000110002112210221100112233220022022200110011220022000110022001111221122000000000000000
000000000000000000001002200221100111122110011011100000011000022000000022001122110011000000000000000
000000000000000000001002200221100111122110011011100000011000022000000022001122110011000000000000000
000000000000000110001001100220000001111110011011100110000000000000000011000011110011000000000000000
000000000000000110001001100220000001111110011011100110000000000000000011000011110011000000000000000
000000000000000000000001100110000000000110000000000110011000000000000011000011000011000000000000000
000000000000000000000001100110000000000110000000000110011000000000000011000011000011000000000000000
000000000000000000000000000000000000000000000000000110000000000000000000000000000000000000000000000
000000000000000000000000000000000000000000000000000110000000000000000000000000000000000000000000000
000000000000000000000000000000000000000000000000000000000000000000000000000000000000000000000000000
000000000000000000000000000000000000000000000000000000000000000000000000000000000000000000000000000
000000000000000000000000000000000000000000000000000000000000000000000000000000000000000000000000000